SHITOMASI, BRIEF,125, 118, 123, 120, 120, 113, 114, 123, 111, 118.556
 , , 0.0123725, 0.0113318, 0.0107004, 0.0132807, 0.010495, 0.0110437, 0.0125044, 0.0112243, 0.0100679, 0.0114467,
SHITOMASI, ORB,125, 118, 123, 120, 120, 113, 114, 123, 111, 118.556
 , , 0.016903, 0.0124959, 0.0133369, 0.0148487, 0.0140202, 0.0124388, 0.0141622, 0.0150134, 0.0154723, 0.014299,
SHITOMASI, FREAK,125, 118, 123, 120, 120, 113, 114, 123, 111, 118.556
 , , 0.0326576, 0.0354248, 0.0353961, 0.0334334, 0.0328565, 0.0354525, 0.0347177, 0.0342466, 0.0331409, 0.0341473,
HARRIS, BRIEF,26940, 26937, 26905, 26981, 26951, 26982, 26933, 26963, 26913, 26945
 , , 1.97848, 1.95777, 2.00661, 1.92154, 1.9059, 1.9496, 1.95767, 1.93302, 1.93293, 1.94928,
HARRIS, ORB,26940, 26937, 26905, 26981, 26951, 26982, 26933, 26963, 26913, 26945
 , , 1.90082, 1.91072, 1.90092, 1.96184, 1.894, 1.89569, 1.89442, 1.89654, 1.89605, 1.90567,
HARRIS, FREAK,26940, 26937, 26905, 26981, 26951, 26982, 26933, 26963, 26913, 26945
 , , 2.23806, 2.23446, 2.23118, 2.24438, 2.27438, 2.17861, 2.23684, 2.25727, 2.30438, 2.2444,
AKAZE, AKAZE,166, 157, 161, 155, 163, 164, 173, 175, 177, 165.667
 , , 0.0769876, 0.0828779, 0.0779143, 0.0779919, 0.0784943, 0.0798918, 0.0830369, 0.0832762, 0.0801428, 0.0800682,
AKAZE, BRIEF,166, 157, 161, 155, 163, 164, 173, 175, 177, 165.667
 , , 0.0432075, 0.0450152, 0.0449155, 0.048369, 0.0466762, 0.0471293, 0.0471836, 0.0450072, 0.0458929, 0.0459329,
AKAZE, ORB,166, 157, 161, 155, 163, 164, 173, 175, 177, 165.667
 , , 0.0479824, 0.0479375, 0.0535408, 0.0519086, 0.0529066, 0.0517863, 0.0539532, 0.0531916, 0.0514566, 0.0516293,
AKAZE, SIFT,135, 136, 130, 138, 137, 147, 148, 155, 151, 141.889
 , , 0.0599864, 0.0592253, 0.060945, 0.0564897, 0.059768, 0.0598705, 0.0641947, 0.0598099, 0.0648443, 0.0605704,
BRISK, BRIEF,264, 282, 282, 277, 297, 279, 289, 272, 266, 278.667
 , , 0.0568112, 0.0550632, 0.0546297, 0.0537886, 0.0531055, 0.0545869, 0.0550129, 0.0572316, 0.0552323, 0.0550513,
BRISK, ORB,264, 282, 282, 277, 297, 279, 289, 272, 266, 278.667
 , , 0.0652198, 0.0624177, 0.0618589, 0.0628291, 0.0619113, 0.0624922, 0.0643508, 0.0626101, 0.0617048, 0.0628216,
BRISK, FREAK,242, 260, 263, 264, 274, 256, 269, 255, 243, 258.444
 , , 0.0765743, 0.0751977, 0.0735587, 0.0733864, 0.0723028, 0.0736373, 0.0717674, 0.0715283, 0.0718941, 0.0733164,
BRISK, SIFT,184, 193, 171, 183, 173, 196, 196, 178, 185, 184.333
 , , 0.0746276, 0.0739031, 0.0740902, 0.0745083, 0.0735302, 0.0743294, 0.0735304, 0.0723179, 0.0732958, 0.0737925,
FAST, BRIEF,419, 427, 404, 423, 386, 414, 418, 406, 396, 410.333
 , , 0.0049926, 0.00448899, 0.00455268, 0.00396672, 0.00371632, 0.00368948, 0.00375566, 0.00465008, 0.00384307, 0.00418396,
FAST, ORB,419, 427, 404, 423, 386, 414, 418, 406, 396, 410.333
 , , 0.0072419, 0.00556669, 0.00585538, 0.00570546, 0.00548022, 0.00561734, 0.00551866, 0.00564504, 0.00571688, 0.0058164,
FAST, FREAK,419, 427, 404, 423, 386, 414, 418, 406, 396, 410.333
 , , 0.0272987, 0.0313255, 0.0231055, 0.0228782, 0.0231074, 0.0233509, 0.0232877, 0.0231671, 0.0232901, 0.0245346,
FAST, SIFT,317, 326, 299, 311, 291, 326, 318, 301, 301, 310
 , , 0.0244604, 0.0231377, 0.0232635, 0.0216298, 0.0220403, 0.022002, 0.023519, 0.0213257, 0.0221476, 0.022614,
ORB, BRIEF,92, 102, 106, 113, 109, 125, 130, 129, 127, 114.778
 , , 0.00731457, 0.00687815, 0.0070304, 0.00724352, 0.00843171, 0.00756791, 0.0072045, 0.00685043, 0.00671911, 0.00724892,
ORB, ORB,92, 102, 106, 113, 109, 125, 130, 129, 127, 114.778
 , , 0.0156606, 0.0157332, 0.0148332, 0.0150834, 0.0148205, 0.0161535, 0.0157323, 0.0184809, 0.0153662, 0.0157626,
ORB, FREAK,46, 53, 56, 65, 55, 64, 66, 71, 73, 61
 , , 0.0292143, 0.0267922, 0.0259183, 0.0262647, 0.0259339, 0.0258552, 0.0259973, 0.026455, 0.0265804, 0.0265568,
ORB, SIFT,67, 79, 78, 80, 82, 95, 95, 94, 94, 84.8889
 , , 0.0277104, 0.0273354, 0.0286746, 0.025961, 0.0272706, 0.0267545, 0.0292484, 0.0302119, 0.0278891, 0.0278951,
SIFT, SIFT,82, 81, 85, 95, 90, 82, 83, 103, 105, 89.5556
 , , 0.103697, 0.101107, 0.111727, 0.11332, 0.119584, 0.10741, 0.109044, 0.113733, 0.108854, 0.109831,
